         1          1      38
         1          1      7
         1          1      23
         2          2      7
         2          2      85
         3          3      7
         3          3      49
         4          4      38
         4          4      7
         4          4      85
         5          5      38
         5          5      49
         6          6      7
         6          6      49
         7          7      38
         7          7      49
         8          8      38
         8          8      7
         8          8      49
         8          8      23
         9          9      38
         9          9      7
         9          9      49